 21  02  2020  5
 22  02  2020  5
 23  02  2020  5
 24  02  2020  5
 25  02  2020  9
 26  02  2020  6
 27  02  2020  8
 28  02  2020  11
 29  02  2020  15
 01  03  2020  26
 02  03  2020  24
 03  03  2020  56
 04  03  2020  56
 05  03  2020  81
 06  03  2020  111
 07  03  2020  168
 08  03  2020  176
 09  03  2020  226
 10  03  2020  281
 11  03  2020  312
 12  03  2020  323
 13  03  2020  379
 14  03  2020  445
 15  03  2020  434
 16  03  2020  512
 17  03  2020  574
 18  03  2020  645
 19  03  2020  654
 20  03  2020  756
 21  03  2020  819
 22  03  2020  816
 23  03  2020  866
 24  03  2020  823
 25  03  2020  872
 26  03  2020  837
 27  03  2020  884
 28  03  2020  929
 29  03  2020  768
 30  03  2020  795
 31  03  2020  707
 01  04  2020  717
 02  04  2020  693
 03  04  2020  681
 04  04  2020  640
 05  04  2020  604
 06  04  2020  594
 07  04  2020  614
 08  04  2020  603
 09  04  2020  545
 10  04  2020  609
 11  04  2020  589
 12  04  2020  579
 13  04  2020  535
 14  04  2020  543
 15  04  2020  515
 16  04  2020  452
 17  04  2020  478
 18  04  2020  465
 19  04  2020  463
 20  04  2020  448
 21  04  2020  366
 22  04  2020  385
 23  04  2020  358
 24  04  2020  387
 25  04  2020  359
 26  04  2020  322
 27  04  2020  331
 28  04  2020  313
 29  04  2020  299
 30  04  2020  263
 01  05  2020  257
 02  05  2020  254
 03  05  2020  243
 04  05  2020  220
 05  05  2020  226
 06  05  2020  219
 07  05  2020  180
 08  05  2020  172
 09  05  2020  199
 10  05  2020  170
 11  05  2020  162
 12  05  2020  160
 13  05  2020  145
 14  05  2020  143
 15  05  2020  154
 16  05  2020  103
 17  05  2020  118
 18  05  2020  101
 19  05  2020  93
 20  05  2020  89
 21  05  2020  78
 22  05  2020  84
 23  05  2020  96
 24  05  2020  86
 25  05  2020  75
 26  05  2020  60
 27  05  2020  52
 28  05  2020  71
 29  05  2020  62
 30  05  2020  49
 31  05  2020  49
 01  06  2020  62
 02  06  2020  57
 03  06  2020  54
 04  06  2020  60
 05  06  2020  67
 06  06  2020  78
 07  06  2020  36
 08  06  2020  41
 09  06  2020  45
 10  06  2020  38
 11  06  2020  39
 12  06  2020  34
 13  06  2020  23
 14  06  2020  23
 15  06  2020  37
 16  06  2020  44
 17  06  2020  35
 18  06  2020  44
 19  06  2020  34
 20  06  2020  19
 21  06  2020  25
 22  06  2020  31
 23  06  2020  51
 24  06  2020  25
 25  06  2020  26
 26  06  2020  20
 27  06  2020  24
 28  06  2020  12
 29  06  2020  18
 30  06  2020  16
 01  07  2020  15
 02  07  2020  15
 03  07  2020  16
 04  07  2020  7
 05  07  2020  11
 06  07  2020  14
 07  07  2020  11
 08  07  2020  10
 09  07  2020  10
 10  07  2020  10
 11  07  2020  7
 12  07  2020  9
 13  07  2020  22
 14  07  2020  7
 15  07  2020  7
 16  07  2020  17
 17  07  2020  6
 18  07  2020  14
 19  07  2020  10
 20  07  2020  8
 21  07  2020  14
 22  07  2020  17
 23  07  2020  5
 24  07  2020  8
 25  07  2020  5
 26  07  2020  5
 27  07  2020  16
 28  07  2020  7
 29  07  2020  7
 30  07  2020  7
 31  07  2020  5
 01  08  2020  5
 02  08  2020  5
 03  08  2020  7
 04  08  2020  5
 05  08  2020  8
 06  08  2020  6
 07  08  2020  9
 08  08  2020  6
 09  08  2020  5
 10  08  2020  10
 11  08  2020  7
 12  08  2020  5
 13  08  2020  8
 14  08  2020  11
 15  08  2020  5
 16  08  2020  9
 17  08  2020  5
 18  08  2020  5
 19  08  2020  7
 20  08  2020  11
 21  08  2020  5
 22  08  2020  5
 23  08  2020  5
 24  08  2020  7
 25  08  2020  6
 26  08  2020  10
 27  08  2020  6
 29  08  2020  5
 30  08  2020  7
 31  08  2020  9
 01  09  2020  9
 02  09  2020  11
 03  09  2020  11
 04  09  2020  11
 05  09  2020  14
 06  09  2020  6
 07  09  2020  19
 08  09  2020  5
 09  09  2020  7
 10  09  2020  8
 11  09  2020  7
 12  09  2020  13
 13  09  2020  14
 14  09  2020  13
 15  09  2020  18
 16  09  2020  16
 17  09  2020  16
 18  09  2020  23
 19  09  2020  16
 20  09  2020  19
 21  09  2020  16
 22  09  2020  13
 23  09  2020  26
 24  09  2020  21
 25  09  2020  29
 26  09  2020  19
 27  09  2020  26
 28  09  2020  21
 29  09  2020  25
 30  09  2020  19
 01  10  2020  27
 02  10  2020  30
 03  10  2020  18
 04  10  2020  20
 05  10  2020  38
 06  10  2020  25
 07  10  2020  32
 08  10  2020  39
 09  10  2020  44
 10  10  2020  51
 11  10  2020  55
 12  10  2020  74
 13  10  2020  71
 14  10  2020  71
 15  10  2020  68
 16  10  2020  104
 17  10  2020  88
 18  10  2020  105
 19  10  2020  106
 20  10  2020  144
 21  10  2020  147
 22  10  2020  162
 23  10  2020  182
 24  10  2020  208
 25  10  2020  197
 26  10  2020  250
 27  10  2020  234
 28  10  2020  305
 29  10  2020  299
 30  10  2020  351
 31  10  2020  371
 01  11  2020  353
 02  11  2020  440
 03  11  2020  431
 04  11  2020  468
 05  11  2020  545
 06  11  2020  515
 07  11  2020  494
 08  11  2020  569
 09  11  2020  603
 10  11  2020  658
 11  11  2020  675
 12  11  2020  728
 13  11  2020  659
 14  11  2020  688
 15  11  2020  721
 16  11  2020  760
 17  11  2020  773
 18  11  2020  794
 19  11  2020  797
 20  11  2020  783
 21  11  2020  673
 22  11  2020  715
 23  11  2020  754
 24  11  2020  763
 25  11  2020  817
 26  11  2020  731
 27  11  2020  764
 28  11  2020  721
 29  11  2020  667
 30  11  2020  677
 01  12  2020  650
 02  12  2020  716
 03  12  2020  646
 04  12  2020  683
 05  12  2020  622
 06  12  2020  643
 07  12  2020  634
 08  12  2020  593
 09  12  2020  690
 10  12  2020  622
 11  12  2020  608
 12  12  2020  580
 13  12  2020  566
 14  12  2020  575
 15  12  2020  578
 16  12  2020  632
 17  12  2020  574
 18  12  2020  546
 19  12  2020  499
 20  12  2020  488
 21  12  2020  502
 22  12  2020  492
 23  12  2020  495
 24  12  2020  487
 25  12  2020  414
 26  12  2020  428
 27  12  2020  417
 28  12  2020  487
 29  12  2020  442
 30  12  2020  473
 31  12  2020  422
 01  01  2021  453
 02  01  2021  421
 03  01  2021  423
 04  01  2021  504
 05  01  2021  499
 06  01  2021  459
 07  01  2021  454
 08  01  2021  435
 09  01  2021  433
 10  01  2021  436
 11  01  2021  464
 12  01  2021  457
 13  01  2021  443
 14  01  2021  419
 15  01  2021  495
 16  01  2021  436
 17  01  2021  432
 18  01  2021  477
 19  01  2021  466
 20  01  2021  437
 21  01  2021  406
 22  01  2021  418
 23  01  2021  394
 24  01  2021  407
 25  01  2021  386
 26  01  2021  431
 27  01  2021  419
 28  01  2021  384
 29  01  2021  352
 30  01  2021  369
 31  01  2021  355
 01  02  2021  339
 02  02  2021  391
 03  02  2021  351
 04  02  2021  325
 05  02  2021  402
 06  02  2021  333
 07  02  2021  286
 08  02  2021  315
 09  02  2021  320
 10  02  2021  274
 11  02  2021  276
 12  02  2021  260
 13  02  2021  240
 14  02  2021  241
 15  02  2021  263
 16  02  2021  265
 17  02  2021  306
 18  02  2021  283
 19  02  2021  268
 20  02  2021  224
 21  02  2021  235
 22  02  2021  267
 23  02  2021  274
 24  02  2021  220
 25  02  2021  234
 26  02  2021  261
 27  02  2021  255
 28  02  2021  219
 01  03  2021  266
 02  03  2021  259
 03  03  2021  286
 04  03  2021  270
 05  03  2021  256
 06  03  2021  250
 07  03  2021  266
 08  03  2021  261
 09  03  2021  278
 10  03  2021  304
 11  03  2021  311
 12  03  2021  342
 13  03  2021  307
 14  03  2021  238
 15  03  2021  315
 16  03  2021  351
 17  03  2021  312
 18  03  2021  319
 19  03  2021  312
 20  03  2021  302
 21  03  2021  316
 22  03  2021  295
 23  03  2021  333
 24  03  2021  314
 25  03  2021  276
 26  03  2021  219
 27  03  2021  145
 28  03  2021  58
 