  20  02  2020  92
  21  02  2020  121
  22  02  2020  106
  23  02  2020  152
  24  02  2020  191
  25  02  2020  268
  26  02  2020  275
  27  02  2020  319
  28  02  2020  380
  29  02  2020  373
  01  03  2020  444
  02  03  2020  666
  03  03  2020  816
  04  03  2020  916
  05  03  2020  1091
  06  03  2020  1233
  07  03  2020  1202
  08  03  2020  1160
  09  03  2020  1453
  10  03  2020  1596
  11  03  2020  1753
  12  03  2020  1906
  13  03  2020  2326
  14  03  2020  1994
  15  03  2020  1904
  16  03  2020  2487
  17  03  2020  2668
  18  03  2020  2704
  19  03  2020  2782
  20  03  2020  2853
  21  03  2020  2536
  22  03  2020  2193
  23  03  2020  2702
  24  03  2020  2610
  25  03  2020  2316
  26  03  2020  2118
  27  03  2020  2212
  28  03  2020  1733
  29  03  2020  1424
  30  03  2020  1679
  31  03  2020  1565
  01  04  2020  1485
  02  04  2020  1450
  03  04  2020  1256
  04  04  2020  1011
  05  04  2020  836
  06  04  2020  1010
  07  04  2020  1011
  08  04  2020  1032
  09  04  2020  983
  10  04  2020  897
  11  04  2020  795
  12  04  2020  657
  13  04  2020  618
  14  04  2020  830
  15  04  2020  684
  16  04  2020  691
  17  04  2020  701
  18  04  2020  568
  19  04  2020  457
  20  04  2020  641
  21  04  2020  573
  22  04  2020  583
  23  04  2020  574
  24  04  2020  537
  25  04  2020  425
  26  04  2020  347
  27  04  2020  413
  28  04  2020  413
  29  04  2020  397
  30  04  2020  349
  01  05  2020  267
  02  05  2020  233
  03  05  2020  179
  04  05  2020  282
  05  05  2020  268
  06  05  2020  278
  07  05  2020  260
  08  05  2020  272
  09  05  2020  160
  10  05  2020  154
  11  05  2020  229
  12  05  2020  174
  13  05  2020  177
  14  05  2020  185
  15  05  2020  190
  16  05  2020  133
  17  05  2020  111
  18  05  2020  143
  19  05  2020  140
  20  05  2020  134
  21  05  2020  106
  22  05  2020  110
  23  05  2020  87
  24  05  2020  81
  25  05  2020  134
  26  05  2020  98
  27  05  2020  93
  28  05  2020  73
  29  05  2020  93
  30  05  2020  79
  31  05  2020  47
  01  06  2020  97
  02  06  2020  58
  03  06  2020  77
  04  06  2020  69
  05  06  2020  75
  06  06  2020  47
  07  06  2020  41
  08  06  2020  89
  09  06  2020  61
  10  06  2020  65
  11  06  2020  48
  12  06  2020  64
  13  06  2020  57
  14  06  2020  48
  15  06  2020  62
  16  06  2020  48
  17  06  2020  51
  18  06  2020  60
  19  06  2020  66
  20  06  2020  32
  21  06  2020  39
  22  06  2020  66
  23  06  2020  49
  24  06  2020  63
  25  06  2020  63
  26  06  2020  67
  27  06  2020  37
  28  06  2020  28
  29  06  2020  67
  30  06  2020  56
  01  07  2020  47
  02  07  2020  62
  03  07  2020  67
  04  07  2020  36
  05  07  2020  47
  06  07  2020  54
  07  07  2020  45
  08  07  2020  53
  09  07  2020  43
  10  07  2020  59
  11  07  2020  43
  12  07  2020  34
  13  07  2020  51
  14  07  2020  45
  15  07  2020  50
  16  07  2020  48
  17  07  2020  72
  18  07  2020  40
  19  07  2020  35
  20  07  2020  54
  21  07  2020  64
  22  07  2020  55
  23  07  2020  59
  24  07  2020  55
  25  07  2020  55
  26  07  2020  41
  27  07  2020  49
  28  07  2020  54
  29  07  2020  50
  30  07  2020  51
  31  07  2020  71
  01  08  2020  65
  02  08  2020  48
  03  08  2020  73
  04  08  2020  57
  05  08  2020  72
  06  08  2020  51
  07  08  2020  61
  08  08  2020  56
  09  08  2020  59
  10  08  2020  75
  11  08  2020  56
  12  08  2020  86
  13  08  2020  77
  14  08  2020  80
  15  08  2020  60
  16  08  2020  62
  17  08  2020  82
  18  08  2020  97
  19  08  2020  126
  20  08  2020  77
  21  08  2020  91
  22  08  2020  111
  23  08  2020  90
  24  08  2020  113
  25  08  2020  140
  26  08  2020  139
  27  08  2020  134
  28  08  2020  135
  29  08  2020  105
  30  08  2020  112
  31  08  2020  121
  01  09  2020  151
  02  09  2020  163
  03  09  2020  179
  04  09  2020  162
  05  09  2020  146
  06  09  2020  118
  07  09  2020  200
  08  09  2020  165
  09  09  2020  181
  10  09  2020  202
  11  09  2020  183
  12  09  2020  181
  13  09  2020  172
  14  09  2020  207
  15  09  2020  226
  16  09  2020  224
  17  09  2020  232
  18  09  2020  238
  19  09  2020  190
  20  09  2020  167
  21  09  2020  238
  22  09  2020  244
  23  09  2020  239
  24  09  2020  235
  25  09  2020  260
  26  09  2020  218
  27  09  2020  190
  28  09  2020  251
  29  09  2020  276
  30  09  2020  241
  01  10  2020  316
  02  10  2020  341
  03  10  2020  354
  04  10  2020  320
  05  10  2020  421
  06  10  2020  466
  07  10  2020  458
  08  10  2020  513
  09  10  2020  547
  10  10  2020  562
  11  10  2020  586
  12  10  2020  731
  13  10  2020  810
  14  10  2020  823
  15  10  2020  939
  16  10  2020  934
  17  10  2020  1103
  18  10  2020  1048
  19  10  2020  1268
  20  10  2020  1376
  21  10  2020  1393
  22  10  2020  1508
  23  10  2020  1685
  24  10  2020  1575
  25  10  2020  1657
  26  10  2020  1957
  27  10  2020  1962
  28  10  2020  2001
  29  10  2020  2095
  30  10  2020  2279
  31  10  2020  2061
  01  11  2020  1926
  02  11  2020  2419
  03  11  2020  2476
  04  11  2020  2597
  05  11  2020  2620
  06  11  2020  2553
  07  11  2020  2425
  08  11  2020  2180
  09  11  2020  2479
  10  11  2020  2514
  11  11  2020  2630
  12  11  2020  2528
  13  11  2020  2546
  14  11  2020  2301
  15  11  2020  1996
  16  11  2020  2474
  17  11  2020  2452
  18  11  2020  2311
  19  11  2020  2303
  20  11  2020  2199
  21  11  2020  1809
  22  11  2020  1596
  23  11  2020  2007
  24  11  2020  1951
  25  11  2020  1829
  26  11  2020  1776
  27  11  2020  1775
  28  11  2020  1609
  29  11  2020  1372
  30  11  2020  1594
  01  12  2020  1611
  02  12  2020  1611
  03  12  2020  1568
  04  12  2020  1532
  05  12  2020  1412
  06  12  2020  1266
  07  12  2020  1406
  08  12  2020  1275
  09  12  2020  1429
  10  12  2020  1387
  11  12  2020  1434
  12  12  2020  1247
  13  12  2020  1037
  14  12  2020  1339
  15  12  2020  1262
  16  12  2020  1243
  17  12  2020  1286
  18  12  2020  1252
  19  12  2020  1187
  20  12  2020  1028
  21  12  2020  1242
  22  12  2020  1272
  23  12  2020  1235
  24  12  2020  1236
  25  12  2020  985
  26  12  2020  1132
  27  12  2020  1186
  28  12  2020  1338
  29  12  2020  1401
  30  12  2020  1310
  31  12  2020  1358
  01  01  2021  1134
  02  01  2021  1381
  03  01  2021  1185
  04  01  2021  1408
  05  01  2021  1436
  06  01  2021  1196
  07  01  2021  1390
  08  01  2021  1442
  09  01  2021  1262
  10  01  2021  1141
  11  01  2021  1315
  12  01  2021  1283
  13  01  2021  1272
  14  01  2021  1257
  15  01  2021  1237
  16  01  2021  1174
  17  01  2021  922
  18  01  2021  1131
  19  01  2021  1071
  20  01  2021  1054
  21  01  2021  1119
  22  01  2021  1046
  23  01  2021  977
  24  01  2021  847
  25  01  2021  1138
  26  01  2021  964
  27  01  2021  898
  28  01  2021  965
  29  01  2021  999
  30  01  2021  885
  31  01  2021  816
  01  02  2021  1041
  02  02  2021  974
  03  02  2021  969
  04  02  2021  967
  05  02  2021  967
  06  02  2021  883
  07  02  2021  827
  08  02  2021  1021
  09  02  2021  933
  10  02  2021  989
  11  02  2021  956
  12  02  2021  918
  13  02  2021  830
  14  02  2021  711
  15  02  2021  949
  16  02  2021  931
  17  02  2021  1006
  18  02  2021  1038
  19  02  2021  1015
  20  02  2021  969
  21  02  2021  925
  22  02  2021  1179
  23  02  2021  1224
  24  02  2021  1174
  25  02  2021  1176
  26  02  2021  1319
  27  02  2021  1310
  28  02  2021  1127
  01  03  2021  1427
  02  03  2021  1572
  03  03  2021  1543
  04  03  2021  1537
  05  03  2021  1655
  06  03  2021  1524
  07  03  2021  1320
  08  03  2021  1766
  09  03  2021  1746
  10  03  2021  1724
  11  03  2021  1622
  12  03  2021  1767
  13  03  2021  1730
  14  03  2021  1512
  15  03  2021  1862
  16  03  2021  1871
  17  03  2021  1708
  18  03  2021  1646
  19  03  2021  1650
  20  03  2021  1634
  21  03  2021  1444
  22  03  2021  1661
  23  03  2021  1542
  24  03  2021  1471
  25  03  2021  1345
  26  03  2021  1050
  27  03  2021  733
  28  03  2021  168
