28  01  2020  17
29  01  2020  20
30  01  2020  27
31  01  2020  30
01  02  2020  52
02  02  2020  41
03  02  2020  25
04  02  2020  25
05  02  2020  30
06  02  2020  26
07  02  2020  21
08  02  2020  17
09  02  2020  17
10  02  2020  63
11  02  2020  30
12  02  2020  52
13  02  2020  52
14  02  2020  70
15  02  2020  151
16  02  2020  87
17  02  2020  140
18  02  2020  163
19  02  2020  139
20  02  2020  407
21  02  2020  314
22  02  2020  389
23  02  2020  516
24  02  2020  688
25  02  2020  823
26  02  2020  749
27  02  2020  900
28  02  2020  1221
29  02  2020  1077
01  03  2020  2482
02  03  2020  1953
03  03  2020  2253
04  03  2020  1941
05  03  2020  2638
06  03  2020  2977
07  03  2020  3129
08  03  2020  3673
09  03  2020  4453
10  03  2020  6152
11  03  2020  4220
12  03  2020  4795
13  03  2020  5357
14  03  2020  4715
15  03  2020  5883
16  03  2020  5339
17  03  2020  4532
18  03  2020  4829
19  03  2020  4277
20  03  2020  6157
21  03  2020  3834
22  03  2020  3767
23  03  2020  4388
24  03  2020  3574
25  03  2020  3832
26  03  2020  3320
27  03  2020  3553
28  03  2020  3159
29  03  2020  2385
30  03  2020  3676
31  03  2020  2602
01  04  2020  4085
02  04  2020  2668
03  04  2020  2715
04  04  2020  2321
05  04  2020  2044
06  04  2020  2482
07  04  2020  2250
08  04  2020  2146
09  04  2020  2026
10  04  2020  2736
11  04  2020  1619
12  04  2020  1642
13  04  2020  1513
14  04  2020  1831
15  04  2020  2147
16  04  2020  1641
17  04  2020  1614
18  04  2020  1274
19  04  2020  1016
20  04  2020  1884
21  04  2020  1188
22  04  2020  1210
23  04  2020  1242
24  04  2020  1116
25  04  2020  876
26  04  2020  660
27  04  2020  1112
28  04  2020  865
29  04  2020  917
30  04  2020  856
01  05  2020  693
02  05  2020  505
03  05  2020  410
04  05  2020  650
05  05  2020  617
06  05  2020  558
07  05  2020  489
08  05  2020  515
09  05  2020  294
10  05  2020  339
11  05  2020  438
12  05  2020  445
13  05  2020  382
14  05  2020  331
15  05  2020  339
16  05  2020  236
17  05  2020  183
18  05  2020  310
19  05  2020  257
20  05  2020  294
21  05  2020  226
22  05  2020  190
23  05  2020  133
24  05  2020  97
25  05  2020  227
26  05  2020  181
27  05  2020  210
28  05  2020  165
29  05  2020  140
30  05  2020  122
31  05  2020  67
01  06  2020  174
02  06  2020  66
03  06  2020  135
04  06  2020  126
05  06  2020  164
06  06  2020  96
07  06  2020  72
08  06  2020  139
09  06  2020  122
10  06  2020  118
11  06  2020  106
12  06  2020  120
13  06  2020  75
14  06  2020  84
15  06  2020  122
16  06  2020  104
17  06  2020  98
18  06  2020  92
19  06  2020  90
20  06  2020  66
21  06  2020  64
22  06  2020  90
23  06  2020  75
24  06  2020  98
25  06  2020  92
26  06  2020  102
27  06  2020  78
28  06  2020  59
29  06  2020  101
30  06  2020  73
01  07  2020  119
02  07  2020  90
03  07  2020  76
04  07  2020  81
05  07  2020  68
06  07  2020  104
07  07  2020  106
08  07  2020  106
09  07  2020  84
10  07  2020  116
11  07  2020  83
12  07  2020  74
13  07  2020  106
14  07  2020  115
15  07  2020  102
16  07  2020  93
17  07  2020  106
18  07  2020  97
19  07  2020  94
20  07  2020  145
21  07  2020  129
22  07  2020  122
23  07  2020  137
24  07  2020  117
25  07  2020  131
26  07  2020  97
27  07  2020  137
28  07  2020  142
29  07  2020  139
30  07  2020  124
31  07  2020  129
01  08  2020  161
02  08  2020  129
03  08  2020  215
04  08  2020  201
05  08  2020  219
06  08  2020  217
07  08  2020  215
08  08  2020  261
09  08  2020  211
10  08  2020  296
11  08  2020  269
12  08  2020  282
13  08  2020  316
14  08  2020  313
15  08  2020  361
16  08  2020  375
17  08  2020  576
18  08  2020  633
19  08  2020  581
20  08  2020  600
21  08  2020  633
22  08  2020  594
23  08  2020  614
24  08  2020  693
25  08  2020  651
26  08  2020  631
27  08  2020  582
28  08  2020  593
29  08  2020  448
30  08  2020  441
31  08  2020  581
01  09  2020  745
02  09  2020  650
03  09  2020  597
04  09  2020  651
05  09  2020  557
06  09  2020  531
07  09  2020  821
08  09  2020  693
09  09  2020  690
10  09  2020  782
11  09  2020  670
12  09  2020  658
13  09  2020  605
14  09  2020  903
15  09  2020  910
16  09  2020  841
17  09  2020  862
18  09  2020  870
19  09  2020  855
20  09  2020  843
21  09  2020  992
22  09  2020  975
23  09  2020  902
24  09  2020  870
25  09  2020  1008
26  09  2020  976
27  09  2020  1007
28  09  2020  1386
29  09  2020  1279
30  09  2020  1711
01  10  2020  2335
02  10  2020  2278
03  10  2020  2382
04  10  2020  2358
05  10  2020  3373
06  10  2020  3187
07  10  2020  3723
08  10  2020  4063
09  10  2020  4558
10  10  2020  5005
11  10  2020  4372
12  10  2020  7029
13  10  2020  6712
14  10  2020  7404
15  10  2020  8278
16  10  2020  9369
17  10  2020  9124
18  10  2020  9195
19  10  2020  12904
20  10  2020  13935
21  10  2020  13266
22  10  2020  13368
23  10  2020  15203
24  10  2020  13851
25  10  2020  14020
26  10  2020  19357
27  10  2020  17119
28  10  2020  18128
29  10  2020  18418
30  10  2020  17799
31  10  2020  14595
01  11  2020  17581
02  11  2020  20757
03  11  2020  17237
04  11  2020  19624
05  11  2020  17681
06  11  2020  18062
07  11  2020  16665
08  11  2020  15475
09  11  2020  18823
10  11  2020  18157
11  11  2020  15821
12  11  2020  15791
13  11  2020  16241
14  11  2020  15534
15  11  2020  13640
16  11  2020  16136
17  11  2020  12976
18  11  2020  13852
19  11  2020  12072
20  11  2020  12844
21  11  2020  10345
22  11  2020  8802
23  11  2020  11346
24  11  2020  10235
25  11  2020  9940
26  11  2020  9400
27  11  2020  9189
28  11  2020  8830
29  11  2020  6864
30  11  2020  9824
01  12  2020  10371
02  12  2020  9023
03  12  2020  8278
04  12  2020  8817
05  12  2020  7496
06  12  2020  6351
07  12  2020  8655
08  12  2020  7025
09  12  2020  8064
10  12  2020  8136
11  12  2020  7381
12  12  2020  7137
13  12  2020  6324
14  12  2020  8729
15  12  2020  7931
16  12  2020  7652
17  12  2020  7228
18  12  2020  7697
19  12  2020  6938
20  12  2020  7532
21  12  2020  8424
22  12  2020  8283
23  12  2020  8488
24  12  2020  8558
25  12  2020  7464
26  12  2020  8287
27  12  2020  8900
28  12  2020  11076
29  12  2020  9512
30  12  2020  9399
31  12  2020  8895
01  01  2021  9141
02  01  2021  8824
03  01  2021  8385
04  01  2021  10689
05  01  2021  9572
06  01  2021  7639
07  01  2021  7833
08  01  2021  7441
09  01  2021  6663
10  01  2021  6369
11  01  2021  7306
12  01  2021  6517
13  01  2021  6154
14  01  2021  6042
15  01  2021  6265
16  01  2021  5666
17  01  2021  5250
18  01  2021  6818
19  01  2021  6193
20  01  2021  6688
21  01  2021  5814
22  01  2021  6194
23  01  2021  6111
24  01  2021  5614
25  01  2021  6973
26  01  2021  6027
27  01  2021  6024
28  01  2021  5935
29  01  2021  5740
30  01  2021  5536
31  01  2021  5138
01  02  2021  7821
02  02  2021  6490
03  02  2021  6460
04  02  2021  6253
05  02  2021  6401
06  02  2021  6327
07  02  2021  5813
08  02  2021  7202
09  02  2021  6404
10  02  2021  6930
11  02  2021  6042
12  02  2021  6212
13  02  2021  5888
14  02  2021  5834
15  02  2021  7811
16  02  2021  7389
17  02  2021  8128
18  02  2021  8258
19  02  2021  8438
20  02  2021  9076
21  02  2021  8322
22  02  2021  11021
23  02  2021  10100
24  02  2021  10257
25  02  2021  9940
26  02  2021  10457
27  02  2021  9872
28  02  2021  9262
01  03  2021  14487
02  03  2021  12044
03  03  2021  12201
04  03  2021  11595
05  03  2021  12352
06  03  2021  11530
07  03  2021  10660
08  03  2021  13918
09  03  2021  11562
10  03  2021  12628
11  03  2021  10836
12  03  2021  11192
13  03  2021  10891
14  03  2021  11521
15  03  2021  13484
16  03  2021  11199
17  03  2021  10870
18  03  2021  9421
19  03  2021  8233
20  03  2021  7019
21  03  2021  6127
22  03  2021  6679
23  03  2021  4994
24  03  2021  3865
25  03  2021  2682
26  03  2021  1426
27  03  2021  578
28  03  2021  52
