1 2 2020 52
5 2 2020 30
10 2 2020 63
15 2 2020 151
18 2 2020 163
20 2 2020 407
25 2 2020 823
28 2 2020 1221
1 3 2020 2482
3 3 2020 2253
10 3 2020 6152
13 3 2020 5357
15 3 2020 5883
18 3 2020 4829
20 3 2020 6157
23 3 2020 4388
25 3 2020 3832
27 3 2020 3553
30 3 2020 3676
1 4 2020 4085
3 4 2020 2715
6 4 2020 2482
10 4 2020 2736
12 4 2020 1642
15 4 2020 2147
20 4 2020 1884
23 4 2020 1242
27 4 2020 1112
29 4 2020 917
4 5 2020 650
8 5 2020 515
12 5 2020 445
15 5 2020 339
18 5 2020 310
20 5 2020 294
25 5 2020 227
27 5 2020 210
1 6 2020 174
3 6 2020 135
5 6 2020 164
8 6 2020 139
12 6 2020 120
15 6 2020 122
22 6 2020 90
24 6 2020 98
26 6 2020 102
29 6 2020 101
1 7 2020 119
4 7 2020 81
10 7 2020 116
14 7 2020 115
17 7 2020 106
20 7 2020 145
23 7 2020 137
25 7 2020 131
28 7 2020 142
1 8 2020 161
3 8 2020 215
5 8 2020 219
8 8 2020 261
10 8 2020 296
13 8 2020 316
18 8 2020 633
21 8 2020 633
24 8 2020 693
28 8 2020 593
1 9 2020 745
4 9 2020 651
7 9 2020 821
10 9 2020 782
15 9 2020 910
18 9 2020 870
21 9 2020 992
25 9 2020 1008
28 9 2020 1386
1 10 2020 2335
3 10 2020 2382
5 10 2020 3373
10 10 2020 5005
12 10 2020 7029
16 10 2020 9369
20 10 2020 13935
23 10 2020 15203
26 10 2020 19357
29 10 2020 18418
2 11 2020 20757
4 11 2020 19624
6 11 2020 18062
9 11 2020 18823
13 11 2020 16241
16 11 2020 16136
18 11 2020 13852
20 11 2020 12844
23 11 2020 11346
1 12 2020 10371
4 12 2020 8817
7 12 2020 8655
10 12 2020 8136
14 12 2020 8729
18 12 2020 7697
21 12 2020 8424
24 12 2020 8558
28 12 2020 11076
1 1 2021 9141
4 1 2021 10689
7 1 2021 7833
11 1 2021 7306
15 1 2021 6265
18 1 2021 6818
20 1 2021 6688
22 1 2021 6194
25 1 2021 6973
1 2 2021 7821
5 2 2021 6401
8 2 2021 7202
10 2 2021 6930
12 2 2021 6212
15 2 2021 7811
20 2 2021 9076
22 2 2021 11021
24 2 2021 10257
26 2 2021 10457
1 3 2021 14487
3 3 2021 12201
5 3 2021 12352
8 3 2021 13918
10 3 2021 12628
12 3 2021 11192
15 3 2021 13484
22 3 2021 6679
