21 2 2020 121
28 2 2020 380
6 3 2020 1233
13 3 2020 2326
20 3 2020 2853
23 3 2020 2702
27 3 2020 2212
30 3 2020 1679
8 4 2020 1032
14 4 2020 830
17 4 2020 701
20 4 2020 641
22 4 2020 583
4 5 2020 282
6 5 2020 278
8 5 2020 272
11 5 2020 229
15 5 2020 190
18 5 2020 143
22 5 2020 110
25 5 2020 134
29 5 2020 93
1 6 2020 97
3 6 2020 77
5 6 2020 75
8 6 2020 89
10 6 2020 65
12 6 2020 64
15 6 2020 62
19 6 2020 66
22 6 2020 66
26 6 2020 67
29 6 2020 67
3 7 2020 67
6 7 2020 54
8 7 2020 53
10 7 2020 59
13 7 2020 51
15 7 2020 50
17 7 2020 72
21 7 2020 64
23 7 2020 59
28 7 2020 54
31 7 2020 71
3 8 2020 73
5 8 2020 72
7 8 2020 61
10 8 2020 75
12 8 2020 86
14 8 2020 80
19 8 2020 126
22 8 2020 111
25 8 2020 140
28 8 2020 135
3 9 2020 179
7 9 2020 200
10 9 2020 202
15 9 2020 226
18 9 2020 238
22 9 2020 244
25 9 2020 260
29 9 2020 276
3 10 2020 354
6 10 2020 466
15 10 2020 939
17 10 2020 1103
23 10 2020 1685
30 10 2020 2279
5 11 2020 2620
11 11 2020 2630
13 11 2020 2546
16 11 2020 2474
23 11 2020 2007
7 12 2020 1406
9 12 2020 1429
11 12 2020 1434
14 12 2020 1339
17 12 2020 1286
22 12 2020 1272
24 12 2020 1236
29 12 2020 1401
31 12 2020 1358
2 1 2021 1381
5 1 2021 1436
8 1 2021 1442
11 1 2021 1315
18 1 2021 1131
21 1 2021 1119
25 1 2021 1138
29 1 2021 999
1 2 2021 1041
8 2 2021 1021
10 2 2021 989
15 2 2021 949
18 2 2021 1038
23 2 2021 1224
26 2 2021 1319
2 3 2021 1572
5 3 2021 1655
8 3 2021 1766
12 3 2021 1767
16 3 2021 1871
19 3 2021 1650
22 3 2021 1661
