25 2 2020 9
1 3 2020 26
14 3 2020 445
21 3 2020 819
23 3 2020 866
25 3 2020 872
28 3 2020 929
30 3 2020 795
1 4 2020 717
7 4 2020 614
10 4 2020 609
14 4 2020 543
17 4 2020 478
22 4 2020 385
24 4 2020 387
27 4 2020 331
5 5 2020 226
9 5 2020 199
15 5 2020 154
17 5 2020 118
23 5 2020 96
28 5 2020 71
1 6 2020 62
6 6 2020 78
9 6 2020 45
11 6 2020 39
16 6 2020 44
18 6 2020 44
23 6 2020 51
25 6 2020 26
27 6 2020 24
29 6 2020 18
3 7 2020 16
6 7 2020 14
13 7 2020 22
16 7 2020 17
18 7 2020 14
22 7 2020 17
24 7 2020 8
27 7 2020 16
3 8 2020 7
5 8 2020 8
7 8 2020 9
10 8 2020 10
14 8 2020 11
16 8 2020 9
20 8 2020 11
24 8 2020 7
26 8 2020 10
5 9 2020 14
7 9 2020 19
10 9 2020 8
13 9 2020 14
15 9 2020 18
18 9 2020 23
20 9 2020 19
23 9 2020 26
25 9 2020 29
27 9 2020 26
29 9 2020 25
2 10 2020 30
5 10 2020 38
12 10 2020 74
16 10 2020 104
24 10 2020 208
26 10 2020 250
28 10 2020 305
31 10 2020 371
2 11 2020 440
5 11 2020 545
12 11 2020 728
19 11 2020 797
25 11 2020 817
27 11 2020 764
30 11 2020 677
2 12 2020 716
4 12 2020 683
6 12 2020 643
9 12 2020 690
16 12 2020 632
21 12 2020 502
23 12 2020 495
26 12 2020 428
28 12 2020 487
30 12 2020 473
1 1 2021 453
4 1 2021 504
11 1 2021 464
15 1 2021 495
18 1 2021 477
22 1 2021 418
24 1 2021 407
26 1 2021 431
30 1 2021 369
2 2 2021 391
5 2 2021 402
9 2 2021 320
11 2 2021 276
17 2 2021 306
23 2 2021 274
26 2 2021 261
1 3 2021 266
3 3 2021 286
7 3 2021 266
12 3 2021 342
16 3 2021 351
18 3 2021 319
21 3 2021 316
23 3 2021 333
